292.253 115.745
292.450 117.148
292.647 117.522
292.845 117.850
293.042 118.334
293.239 118.333
293.437 117.004
293.634 114.976
293.831 114.177
294.029 114.371
294.226 114.623
294.423 118.022
294.621 117.753
294.818 116.223
295.015 115.151
295.213 116.102
295.410 118.255
295.607 118.965
295.805 118.807
296.002 118.873
296.199 118.676
296.397 117.971
296.594 116.567
296.791 115.603
296.989 115.843
297.186 114.433
297.383 113.468
297.581 115.494
297.778 117.660
297.975 118.403
298.173 117.604
298.370 117.646
298.567 118.920
298.765 119.150
298.962 120.780
299.159 121.538
299.357 120.870
299.554 120.032
299.751 120.650
299.949 119.971
300.146 119.970
300.343 119.071
300.541 117.407
300.738 118.107
300.935 119.291
301.133 119.086
301.330 120.424
301.527 122.357
301.725 121.431
301.922 119.950
302.119 120.055
302.317 122.341
302.514 121.909
302.711 120.006
302.909 119.355
303.106 117.796
303.303 117.334
303.501 118.185
303.698 118.072
303.895 117.145
304.093 116.594
304.290 116.232
304.487 117.191
304.685 117.593
304.882 116.549
305.079 115.836
305.277 114.879
305.474 114.283
305.671 112.392
305.869 112.086
306.066 113.091
306.263 112.576
306.461 110.921
306.658 110.976
306.855 111.143
307.053 110.779
307.250 111.593
307.447 112.162
307.645 111.850
307.842 111.265
308.039 110.591
308.237 110.187
308.434 109.600
308.631 109.525
308.829 110.029
309.026 109.619
309.223 109.333
309.421 109.781
309.618 109.065
309.815 109.435
310.013 109.600
310.210 108.773
310.407 108.884
310.605 108.689
310.802 108.750
310.999 109.246
311.197 110.712
311.394 110.511
311.591 109.805
311.789 109.087
311.986 108.426
312.183 107.689
312.381 107.486
312.578 107.637
312.775 106.210
312.973 105.159
313.170 105.593
313.347 105.756
313.523 105.395
313.700 105.333
313.877 105.834
314.054 105.884
314.230 106.368
314.407 106.371
314.584 106.120
314.761 104.924
314.937 104.060
315.114 102.820
315.291 101.220
315.467 100.738
315.644 101.253
315.821 101.684
315.998 102.028
316.174 101.743
316.351 102.150
316.528 102.601
316.704 102.238
316.881 101.716
317.058 100.371
317.235 100.090
317.411 100.208
317.588 100.081
317.765 99.857
317.942 98.892
318.118 97.790
318.295 98.244
318.472 99.381
318.648 99.663
318.825 100.027
319.002 100.281
319.179 99.028
319.355 97.379
319.532 97.003
319.709 97.647
319.885 98.287
320.062 97.030
320.239 96.599
320.416 95.908
320.592 95.944
320.769 95.989
320.946 95.147
321.123 95.787
321.299 95.168
321.476 95.009
321.653 95.512
321.829 95.458
322.006 94.867
322.183 94.597
322.360 93.950
322.536 92.889
322.713 92.644
322.890 93.662
323.066 94.988
323.243 94.989
323.420 94.023
323.597 93.283
323.773 92.958
323.950 93.433
324.127 94.675
324.304 94.441
324.480 95.109
324.657 96.249
324.834 95.221
325.010 94.226
325.187 93.449
325.364 94.478
325.541 95.978
325.717 94.270
325.894 92.780
326.071 92.878
326.248 93.302
326.424 92.739
326.601 91.709
326.778 90.517
326.954 89.521
327.131 89.031
327.308 88.409
327.485 88.938
327.661 88.922
327.838 88.884
328.015 89.607
328.191 89.404
328.368 88.766
328.545 88.456
328.722 88.970
328.898 88.418
329.075 86.290
329.252 84.816
329.429 85.763
329.605 86.399
329.782 85.151
329.959 83.994
330.135 84.905
330.312 85.626
330.489 86.283
330.666 86.989
330.842 87.496
331.019 87.704
331.196 87.288
331.372 86.547
331.549 85.618
331.726 85.411
331.903 85.004
332.079 85.542
332.256 85.679
332.433 84.753
332.610 84.898
332.786 84.890
332.963 84.874
333.140 84.507
333.316 84.008
333.493 84.152
333.670 84.223
333.847 84.087
334.023 83.658
334.200 82.715
334.377 82.684
334.553 82.541
334.730 82.023
334.907 80.573
335.084 79.440
335.260 79.067
335.437 78.160
335.614 77.671
335.791 76.194
335.967 76.292
336.144 77.979
336.321 78.492
336.497 78.299
336.674 77.425
336.851 77.588
337.028 77.722
337.204 78.050
337.381 78.059
337.558 77.471
337.734 77.160
337.911 77.175
338.088 77.383
338.265 77.438
338.441 76.895
338.618 77.824
338.795 79.866
338.972 80.535
339.148 80.042
339.325 79.692
339.502 79.681
339.678 79.089
339.855 77.060
340.032 75.974
340.209 76.034
340.385 76.213
340.562 75.626
340.739 75.393
340.916 75.914
341.092 75.738
341.269 75.467
341.446 75.377
341.622 74.421
341.799 72.990
341.976 72.214
342.153 72.128
342.329 71.505
342.506 70.150
342.683 70.343
342.859 71.150
343.036 71.317
343.213 71.389
343.390 71.258
343.566 71.484
343.743 71.208
343.920 70.623
344.097 70.213
344.273 70.033
344.450 69.733
344.627 68.799
344.803 68.272
344.980 68.565
345.157 68.403
345.334 69.022
345.510 69.173
345.687 68.990
345.864 69.383
346.040 69.837
346.217 69.036
346.394 67.513
346.571 66.686
346.747 66.876
346.924 66.997
347.101 67.295
347.278 67.455
347.454 67.108
347.631 67.127
347.808 67.346
347.984 67.184
348.161 66.632
348.338 66.097
348.515 66.256
348.691 65.810
348.868 65.610
349.045 65.111
349.221 64.579
349.398 64.733
349.575 64.407
349.752 63.202
349.928 63.345
350.105 63.887
350.282 63.761
350.459 63.231
350.635 62.561
350.812 61.867
350.989 61.191
351.165 61.010
351.342 60.990
351.519 60.843
351.696 60.903
351.872 60.771
352.049 60.581
352.226 60.327
352.402 60.156
352.579 60.213
352.756 60.444
352.933 60.641
353.109 59.975
353.286 60.006
353.463 60.620
353.640 60.347
353.816 59.682
353.993 59.097
354.170 59.110
354.346 59.376
354.523 58.890
354.700 58.812
354.877 58.830
355.053 58.508
355.230 58.363
355.407 58.448
355.584 58.844
355.760 58.321
355.937 57.353
356.114 56.564
356.290 56.022
356.467 55.847
356.644 55.679
356.821 55.559
356.997 55.258
357.174 55.172
357.351 55.061
357.527 55.152
357.704 55.387
357.881 54.999
358.058 54.583
358.234 54.639
358.411 54.679
358.588 55.229
358.765 55.080
358.941 54.393
359.118 53.856
359.295 53.298
359.471 53.801
359.648 53.797
359.825 54.062
360.002 54.128
360.178 54.220
360.355 54.605
360.532 54.441
360.708 53.667
360.885 53.393
361.062 53.446
361.239 53.441
361.415 53.967
361.592 54.370
361.769 53.806
361.946 53.489
362.122 53.470
362.299 52.673
362.476 52.651
362.652 52.897
362.829 52.328
363.006 51.393
363.183 51.017
363.359 51.331
363.536 51.272
363.713 50.823
363.889 49.889
364.066 48.962
364.243 48.837
364.420 49.215
364.596 48.987
364.773 48.559
364.950 48.636
365.127 47.845
365.303 47.253
365.480 47.453
365.660 47.531
365.839 47.448
366.019 47.356
366.199 47.459
366.379 47.139
366.558 47.217
366.738 47.860
366.918 47.926
367.098 47.990
367.277 47.847
367.457 47.850
367.637 47.461
367.816 47.548
367.996 47.812
368.176 47.373
368.356 47.073
368.535 46.772
368.715 46.068
368.895 45.835
369.075 45.392
369.254 45.345
369.434 45.259
369.614 44.461
369.793 44.272
369.973 43.968
370.153 43.927
370.333 44.146
370.512 43.970
370.692 43.874
370.872 43.745
371.051 43.421
371.231 43.113
371.411 43.255
371.591 42.692
371.770 41.774
371.950 41.486
372.130 41.546
372.310 41.944
372.489 42.011
372.669 41.785
372.849 41.944
373.028 41.741
373.208 41.323
373.388 41.220
373.568 40.873
373.747 40.421
373.927 40.080
374.107 39.201
374.287 39.066
374.466 39.294
374.646 39.184
374.826 39.178
375.005 39.165
375.185 39.103
375.365 39.090
375.545 39.665
375.724 40.121
375.904 39.642
376.084 39.082
376.263 38.833
376.443 38.828
376.623 38.459
376.803 38.127
376.982 38.101
377.162 37.982
377.342 37.940
377.522 38.003
377.701 38.074
377.881 38.398
378.061 38.379
378.240 37.690
378.420 37.444
378.600 37.296
378.780 37.180
378.959 36.886
379.139 36.828
379.319 36.682
379.499 36.305
379.678 36.427
379.858 36.677
380.038 36.717
380.217 36.571
380.397 36.306
380.577 36.128
380.757 35.831
380.936 35.921
381.116 36.009
381.296 35.821
381.476 35.787
381.655 35.710
381.835 35.224
382.015 35.400
382.194 35.601
382.374 35.524
382.554 35.514
382.734 35.566
382.913 35.459
383.093 34.955
383.273 34.688
383.452 34.720
383.632 34.573
383.812 34.500
383.992 34.432
384.171 34.661
384.351 34.650
384.531 34.469
384.711 34.091
384.890 33.757
385.070 33.611
385.250 33.346
385.429 33.386
385.609 33.707
385.789 33.317
385.969 32.706
386.148 32.544
386.328 32.394
386.508 32.273
386.688 32.336
386.867 32.427
387.047 32.336
387.227 31.878
387.406 31.439
387.586 31.078
387.766 30.839
387.946 30.662
388.125 30.527
388.305 30.706
388.485 30.598
388.664 30.467
388.844 30.491
389.024 30.416
389.204 30.155
389.383 29.853
389.563 29.774
389.743 29.915
389.923 29.989
390.102 29.833
390.282 29.505
390.462 29.272
390.641 29.038
390.821 28.953
391.001 29.069
391.181 29.293
391.360 29.418
391.540 29.641
391.720 29.598
391.900 29.406
392.079 29.109
392.259 29.142
392.439 29.104
392.618 28.915
392.798 28.768
392.978 28.536
393.158 28.455
393.337 28.345
393.517 28.064
393.697 27.693
393.877 27.503
394.056 27.442
394.236 27.462
394.416 27.542
394.595 27.576
394.775 27.357
394.955 26.991
395.135 26.801
395.314 26.641
395.494 26.410
395.674 26.276
395.853 26.152
396.033 25.982
396.213 25.910
396.393 25.760
396.572 25.669
396.752 25.697
396.932 25.588
397.112 25.786
397.291 25.998
397.471 25.925
397.651 25.782
397.830 25.644
398.010 25.647
398.190 25.682
398.370 25.424
398.549 25.417
398.729 25.395
398.909 25.320
399.089 25.044
399.268 24.977
399.448 25.130
399.628 25.183
399.807 25.233
399.987 25.004
400.167 24.895
400.347 24.805
400.526 24.756
400.706 24.753
400.886 24.414
401.065 23.967
401.245 23.887
401.425 23.778
401.605 23.631
401.784 23.330
401.964 23.041
402.144 23.205
402.324 23.376
402.503 23.475
402.683 23.350
402.863 23.297
403.042 23.101
403.222 22.842
403.402 22.819
403.582 22.667
403.761 22.599
403.941 22.635
404.121 22.416
404.301 22.112
404.480 21.951
404.660 21.959
404.844 22.055
405.029 22.198
405.213 22.383
405.398 22.746
405.582 22.806
405.767 22.751
405.951 22.553
406.136 22.236
406.320 21.952
406.505 21.923
406.689 22.002
406.874 22.052
407.058 21.913
407.243 21.728
407.427 21.815
407.612 21.835
407.796 21.712
407.981 21.734
408.165 21.811
408.350 21.781
408.534 21.659
408.719 21.639
408.903 21.377
409.088 21.209
409.272 21.065
409.457 21.075
409.641 21.140
409.826 21.148
410.010 21.116
410.195 21.157
410.379 21.086
410.564 20.845
410.748 20.640
410.933 20.609
411.117 20.698
411.302 20.594
411.486 20.565
411.671 20.485
411.855 20.500
412.040 20.558
412.224 20.573
412.409 20.480
412.593 20.286
412.778 20.381
412.962 20.291
413.147 20.108
413.331 19.965
413.516 19.725
413.700 19.644
413.885 20.357
414.069 21.599
414.254 21.533
414.438 21.607
414.623 21.881
414.807 21.940
414.992 21.755
415.176 21.647
415.361 21.546
415.545 21.481
415.730 21.540
415.914 21.452
416.099 21.330
416.283 21.346
416.468 21.488
416.652 21.436
416.837 21.546
417.021 21.652
417.206 21.609
417.390 21.629
417.575 21.599
417.759 20.841
417.944 19.425
418.128 19.407
418.313 19.241
418.497 18.899
418.682 18.721
418.866 18.715
419.051 18.736
419.235 18.686
419.420 18.716
419.604 18.579
419.789 18.538
419.973 18.575
420.158 18.592
420.342 18.364
420.527 18.244
420.711 18.026
420.896 17.865
421.080 17.777
421.265 17.688
421.449 17.640
421.634 17.566
421.818 17.579
422.003 17.414
422.187 17.351
422.372 17.543
422.556 17.574
422.741 17.591
422.925 17.658
423.110 17.868
423.294 17.886
423.479 17.822
423.663 17.628
423.848 17.397
424.032 17.236
424.217 17.199
424.401 17.127
424.586 17.123
424.770 17.056
424.955 17.079
425.139 17.069
425.324 16.895
425.508 16.641
425.693 16.498
425.877 16.590
426.062 16.656
426.246 16.471
426.431 16.338
426.615 16.195
426.800 16.032
426.984 15.793
427.169 15.698
427.353 15.714
427.538 15.729
427.722 15.749
427.907 15.872
428.091 15.968
428.276 15.906
428.460 15.851
428.645 15.956
428.829 16.042
429.014 15.970
429.198 16.063
429.383 16.267
429.567 16.333
429.752 16.245
429.936 16.151
430.121 16.141
430.305 16.312
430.490 16.344
430.674 16.282
430.859 16.210
431.043 16.173
431.228 16.110
431.412 16.156
431.597 16.238
431.781 16.209
431.966 16.119
432.150 16.151
432.335 16.208
432.519 16.031
432.704 15.735
432.888 15.617
433.073 15.502
433.257 15.378
433.442 15.217
433.626 15.159
433.811 15.138
433.995 15.078
434.180 14.901
434.364 14.724
434.549 14.645
434.733 14.643
434.918 14.514
435.102 14.454
435.287 14.302
435.471 14.117
435.656 14.013
435.840 13.998
436.030 13.959
436.220 13.852
436.410 13.915
436.600 14.098
436.790 14.310
436.980 14.424
437.170 14.450
437.360 14.485
437.550 14.471
437.741 14.468
437.931 14.452
438.121 14.464
438.311 14.563
438.501 14.603
438.691 14.650
438.881 14.706
439.071 14.662
439.261 14.642
439.451 14.696
439.641 14.602
439.831 14.554
440.021 14.654
440.211 14.730
440.401 14.640
440.591 14.443
440.781 14.321
440.971 14.250
441.161 14.242
441.351 14.256
441.542 14.295
441.732 14.358
441.922 14.262
442.112 14.159
442.302 14.118
442.492 14.052
442.682 13.944
442.872 14.016
443.062 13.997
443.252 14.006
443.442 13.946
443.632 13.970
443.822 14.033
444.012 13.908
444.202 13.726
444.392 13.639
444.582 13.993
444.772 14.533
444.962 14.479
445.153 14.445
445.343 14.377
445.533 14.232
445.723 14.106
445.913 14.217
446.103 14.303
446.293 14.319
446.483 14.340
446.673 14.375
446.863 14.281
447.053 14.207
447.243 14.167
447.433 14.142
447.623 14.126
447.813 14.013
448.003 13.932
448.193 13.955
448.383 13.974
448.573 13.669
448.764 13.070
448.954 13.071
449.144 13.042
449.334 12.996
449.524 13.075
449.714 13.159
449.904 13.085
450.094 13.070
450.284 13.082
450.474 13.092
450.664 13.016
450.854 12.960
451.044 13.012
451.234 12.989
451.424 12.936
451.614 12.880
451.804 12.814
451.994 12.815
452.184 12.824
452.375 12.851
452.565 13.697
452.755 15.266
452.945 15.239
453.135 15.236
453.325 15.251
453.515 15.297
453.705 15.269
453.895 15.209
454.085 15.064
454.275 14.903
454.465 14.768
454.655 14.706
454.845 14.682
455.035 14.632
455.225 14.637
455.415 14.655
455.605 14.681
455.795 14.741
455.985 14.802
456.176 14.808
456.366 14.828
456.556 14.000
456.746 12.479
456.936 12.464
457.126 12.450
457.316 12.534
457.506 12.501
457.696 12.419
457.886 12.387
458.076 12.322
458.266 12.309
458.456 12.341
458.646 12.391
458.836 12.447
459.026 12.570
459.216 12.596
459.406 12.622
459.596 12.547
459.787 12.450
459.977 12.337
460.167 12.307
460.357 12.181
460.547 12.049
460.737 11.962
460.927 11.951
461.117 11.928
461.307 11.790
461.497 11.658
461.687 11.634
461.877 11.654
462.067 11.709
462.257 11.756
462.447 11.744
462.637 11.796
462.827 11.820
463.017 11.722
463.207 11.697
463.397 11.648
463.588 11.664
463.778 11.746
463.968 11.804
464.158 11.755
464.348 11.762
464.538 11.822
464.728 11.841
464.918 11.886
465.108 11.931
465.298 11.960
465.488 11.987
465.678 11.906
465.868 11.827
466.058 11.809
466.248 11.749
466.438 11.764
466.628 11.717
466.818 11.593
467.008 11.551
467.199 11.512
467.389 11.534
467.579 11.559
467.769 11.468
467.959 11.447
468.149 11.491
468.339 11.507
468.529 11.501
468.719 11.481
468.909 11.404
469.099 11.341
469.289 11.255
469.479 11.196
469.669 11.251
469.859 11.285
470.049 11.303
470.239 11.299
470.429 11.295
470.619 11.268
470.810 11.272
471.000 11.248
471.190 11.230
471.380 11.168
471.570 11.089
471.760 11.052
471.950 11.014
472.140 10.979
472.330 10.995
472.520 10.964
472.710 10.934
472.900 10.922
473.090 10.904
473.280 10.973
473.470 10.981
473.660 10.977
473.850 11.024
474.040 11.086
474.230 11.101
474.421 11.077
474.611 11.038
474.801 11.036
474.991 11.037
475.181 11.047
475.371 11.078
475.561 11.123
475.751 11.193
475.941 11.185
476.131 11.141
476.321 11.074
476.511 11.070
476.701 11.085
476.891 11.050
477.081 11.019
477.271 11.010
477.461 11.054
477.651 11.011
477.841 10.963
478.031 10.963
478.222 10.992
478.412 10.999
478.602 10.991
478.792 10.941
478.982 10.932
479.172 10.926
479.362 10.885
479.552 10.906
479.742 10.852
479.932 10.818
480.122 10.783
480.312 10.768
480.502 10.782
480.692 10.739
480.882 10.707
481.072 10.694
481.262 10.704
481.452 10.661
481.642 10.664
481.833 10.685
482.023 10.673
482.213 10.663
482.403 10.630
482.593 10.646
482.783 10.681
482.973 10.711
483.163 10.725
483.353 10.734
483.543 10.662
483.733 10.687
483.923 10.712
484.113 10.767
484.303 10.805
484.493 10.761
484.683 10.784
484.873 10.813
485.063 10.831
485.253 10.764
485.443 10.709
485.634 10.672
485.824 10.644
486.014 10.593
486.204 10.606
486.394 10.651
486.584 10.671
486.774 10.644
486.964 10.624
487.154 10.644
487.344 10.653
487.534 10.617
487.724 10.596
487.914 10.603
488.104 10.630
488.294 10.633
488.484 10.657
488.674 10.674
488.864 10.653
489.054 10.610
489.245 10.638
489.435 10.725
489.625 10.803
489.815 10.819
490.005 10.837
490.195 10.846
490.385 10.834
490.575 10.811
490.765 10.857
490.955 10.936
491.145 10.965
491.335 10.953
491.525 10.926
491.715 10.913
491.905 10.929
492.095 10.915
492.285 10.967
492.475 11.018
492.665 11.005
492.856 11.007
493.046 11.101
493.236 11.146
493.426 11.122
493.616 11.128
493.806 11.161
493.996 11.241
494.186 11.238
494.376 11.228
494.566 11.274
494.756 11.314
494.946 11.306
495.136 11.280
495.326 11.301
495.516 11.426
495.706 11.507
495.896 11.531
496.086 11.563
496.276 11.563
496.467 11.510
496.657 11.541
496.847 11.586
497.037 11.530
497.227 11.499
497.417 11.502
497.607 11.478
497.797 11.488
497.987 11.419
498.177 11.382
498.367 11.358
498.557 11.336
498.747 11.317
498.937 11.236
499.127 11.186
499.317 11.188
499.507 11.173
499.697 11.142
499.887 11.098
500.077 11.056
500.268 11.064
500.458 11.100
500.648 11.108
500.838 11.149
501.028 11.231
501.218 11.213
501.408 11.226
501.598 11.233
501.788 11.208
501.978 11.221
502.168 11.254
502.358 11.339
502.548 11.410
502.738 11.421
502.928 11.509
503.118 11.611
503.308 11.649
503.498 11.655
503.688 11.712
503.879 11.801
504.069 11.848
504.259 11.856
504.449 11.872
504.639 11.866
504.829 11.848
505.019 11.827
505.209 11.887
505.399 11.929
505.589 11.965
505.779 12.013
505.969 12.068
506.159 12.098
506.349 12.028
506.539 11.996
506.729 12.024
506.919 12.051
507.109 12.059
507.299 12.074
507.490 12.092
507.680 12.063
507.870 12.069
508.060 12.082
508.250 12.044
508.440 12.004
508.630 11.991
508.820 12.008
509.010 11.968
509.200 11.912
509.390 11.913
509.580 11.938
509.770 11.929
509.960 11.900
510.150 11.901
510.340 11.940
510.530 11.954
510.720 12.000
510.910 12.022
511.100 11.978
511.291 11.941
511.481 11.958
511.671 11.964
511.861 11.922
512.051 11.959
512.241 12.047
512.431 12.075
512.621 12.118
512.811 12.161
513.001 12.250
513.191 12.281
513.381 12.297
513.571 12.334
513.761 12.378
513.951 12.403
514.141 12.409
514.331 12.435
514.521 12.446
514.711 12.411
514.902 12.390
515.092 12.482
515.282 12.562
515.472 12.530
515.662 12.536
515.852 12.566
516.042 12.549
516.232 12.552
516.422 12.630
516.612 12.687
516.802 12.700
516.992 12.662
517.182 12.728
517.372 12.752
517.562 12.753
517.752 12.768
517.942 12.797
518.132 12.809
518.322 12.825
518.513 12.839
518.703 12.854
518.893 12.883
519.083 12.883
519.273 12.835
519.463 12.891
519.653 12.929
519.843 12.962
520.033 12.992
520.223 12.949
520.413 12.905
520.603 12.921
520.793 12.949
520.983 13.008
521.173 13.053
521.363 13.099
521.553 13.124
521.743 13.115
521.933 13.132
522.123 13.198
522.314 13.255
522.504 13.287
522.694 13.338
522.884 13.360
523.074 13.341
523.264 13.352
523.454 13.361
523.644 13.369
523.834 13.369
524.024 13.362
524.214 13.375
524.404 13.377
524.594 13.325
524.784 13.317
524.974 13.297
525.164 13.291
525.354 13.301
525.544 13.297
525.734 13.308
525.925 13.320
526.115 13.324
526.305 13.285
526.495 13.280
526.685 13.258
526.875 13.226
527.065 13.230
527.255 13.258
527.445 13.230
527.635 13.218
527.825 13.220
528.015 13.271
528.205 13.366
528.395 13.469
528.585 13.528
528.775 13.541
528.965 13.602
529.155 13.638
529.345 13.608
529.535 13.605
529.726 13.586
529.916 13.585
530.106 13.597
530.296 13.646
530.486 13.677
530.676 13.709
530.866 13.744
531.056 13.789
531.246 13.847
531.436 13.893
531.626 13.921
531.816 13.952
532.006 13.989
532.196 14.006
532.386 13.987
532.576 13.990
532.766 13.977
532.956 13.982
533.146 13.966
533.337 14.000
533.527 14.034
533.717 14.106
533.907 14.089
534.097 14.070
534.287 14.104
534.477 14.110
534.667 14.121
534.857 14.144
535.047 14.147
535.237 14.159
535.427 14.187
535.617 14.205
535.807 14.227
535.997 14.197
536.187 14.170
536.377 14.183
536.567 14.214
536.757 14.251
536.948 14.240
537.138 14.225
537.328 14.213
537.518 14.207
537.708 14.205
537.898 14.239
538.088 14.279
538.278 14.273
538.468 14.268
538.658 14.239
538.848 14.256
539.038 14.286
539.228 14.262
539.418 14.237
539.608 14.268
539.798 14.260
539.988 14.264
540.178 14.279
540.368 14.260
540.558 14.288
540.749 14.303
540.939 14.319
541.129 14.376
541.319 14.451
541.509 14.480
541.699 14.515
541.889 14.563
542.079 14.560
542.269 14.565
542.459 14.584
542.649 14.588
542.839 14.550
543.029 14.538
543.219 14.571
543.409 14.596
543.599 14.599
543.789 14.633
543.979 14.647
544.169 14.628
544.360 14.644
544.550 14.625
544.740 14.635
544.930 14.624
545.120 14.577
545.310 14.539
545.500 14.549
545.690 14.528
545.880 14.508
546.070 14.535
546.267 14.532
546.463 14.533
546.660 14.567
546.857 14.599
547.054 14.599
547.251 14.577
547.447 14.560
547.644 14.549
547.841 14.553
548.038 14.575
548.234 14.617
548.431 14.650
548.628 14.681
548.825 14.689
549.021 14.679
549.218 14.690
549.415 14.676
549.612 14.703
549.808 14.724
550.005 14.746
550.202 14.722
550.399 14.734
550.595 14.790
550.792 14.819
550.989 14.848
551.186 14.867
551.382 14.913
551.579 14.982
551.776 14.992
551.973 14.984
552.169 14.951
552.366 14.899
552.563 14.890
552.760 14.867
552.956 14.882
553.153 14.912
553.350 14.933
553.547 14.945
553.743 14.927
553.940 14.940
554.137 14.934
554.334 14.930
554.530 14.945
554.727 14.896
554.924 14.883
555.121 14.884
555.317 14.896
555.514 14.878
555.711 14.855
555.908 14.891
556.104 14.928
556.301 14.966
556.498 15.026
556.695 15.031
556.891 15.019
557.088 15.003
557.285 15.046
557.482 15.115
557.678 15.166
557.875 15.186
558.072 15.181
558.269 15.207
558.465 15.294
558.662 15.319
558.859 15.346
559.056 15.371
559.252 15.365
559.449 15.350
559.646 15.386
559.843 15.414
560.039 15.434
560.236 15.425
560.433 15.429
560.630 15.438
560.826 15.441
561.023 15.447
561.220 15.463
561.417 15.463
561.613 15.400
561.810 15.356
562.007 15.338
562.204 15.354
562.400 15.385
562.597 15.321
562.794 15.330
562.991 15.378
563.187 15.388
563.384 15.411
563.581 15.444
563.778 15.508
563.974 15.564
564.171 15.554
564.368 15.584
564.565 15.651
564.761 15.682
564.958 15.713
565.155 15.773
565.352 15.807
565.548 15.796
565.745 15.844
565.942 15.884
566.139 15.912
566.335 15.910
566.532 15.876
566.729 15.903
566.926 15.936
567.122 15.961
567.319 15.951
567.516 15.961
567.713 16.005
567.909 15.975
568.106 15.917
568.303 15.914
568.500 15.903
568.696 15.873
568.893 15.832
569.090 15.810
569.287 15.776
569.483 15.792
569.680 15.848
569.877 15.904
570.074 15.955
570.270 15.986
570.467 16.007
570.664 16.043
570.861 16.076
571.057 16.036
571.254 16.003
571.451 16.055
571.648 16.096
571.844 16.078
572.041 16.059
572.238 16.084
572.435 16.113
572.631 16.129
572.828 16.120
573.025 16.164
573.222 16.209
573.418 16.236
573.615 16.221
573.812 16.206
574.009 16.197
574.205 16.174
574.402 16.172
574.599 16.202
574.796 16.200
574.992 16.177
575.189 16.172
575.386 16.166
575.583 16.178
575.779 16.186
575.976 16.169
576.173 16.169
576.370 16.194
576.567 16.228
576.763 16.240
576.960 16.255
577.160 16.260
577.359 16.245
577.559 16.230
577.759 16.253
577.958 16.271
578.158 16.218
578.357 16.230
578.557 16.256
578.757 16.272
578.956 16.299
579.156 16.323
579.356 16.350
579.555 16.363
579.755 16.344
579.954 16.322
580.154 16.356
580.354 16.373
580.553 16.361
580.753 16.316
580.953 16.314
581.152 16.337
581.352 16.371
581.552 16.398
581.751 16.438
581.951 16.444
582.150 16.438
582.350 16.464
582.550 16.482
582.749 16.500
582.949 16.529
583.149 16.554
583.348 16.555
583.548 16.592
583.748 16.682
583.947 16.677
584.147 16.676
584.346 16.666
584.546 16.701
584.746 16.687
584.945 16.676
585.145 16.687
585.345 16.678
585.544 16.651
585.744 16.641
585.943 16.623
586.143 16.609
586.343 16.581
586.542 16.622
586.742 16.661
586.942 16.652
587.141 16.605
587.341 16.582
587.541 16.616
587.740 16.585
587.940 16.510
588.139 16.546
588.339 16.578
588.539 16.612
588.738 16.632
588.938 16.686
589.138 16.739
589.337 16.729
589.537 16.736
589.736 16.748
589.936 16.768
590.136 16.764
590.335 16.775
590.535 16.786
590.735 16.747
590.934 16.710
591.134 16.701
591.334 16.718
591.533 16.694
591.733 16.645
591.932 16.654
592.132 16.681
592.332 16.689
592.531 16.700
592.731 16.673
592.931 16.646
593.130 16.639
593.330 16.624
593.530 16.647
593.729 16.646
593.929 16.670
594.128 16.676
594.328 16.700
594.528 16.726
594.727 16.789
594.927 16.862
595.127 16.920
595.326 16.934
595.526 16.944
595.725 16.964
595.925 17.006
596.125 17.005
596.324 17.006
596.524 17.016
596.724 17.017
596.923 17.049
597.123 17.057
597.323 17.080
597.522 17.089
597.722 17.112
597.921 17.151
598.121 17.148
598.321 17.133
598.520 17.148
598.720 17.161
598.920 17.114
599.119 17.068
599.319 17.040
599.519 17.070
599.718 17.088
599.918 17.095
600.117 17.088
600.317 17.124
600.517 17.135
600.716 17.111
600.916 17.092
601.116 17.079
601.315 17.091
601.515 17.074
601.714 17.080
601.914 17.066
602.114 17.045
602.313 17.027
602.513 17.058
602.713 17.073
602.912 17.061
603.112 17.077
603.312 17.068
603.511 17.071
603.711 17.075
603.910 17.053
604.110 17.063
604.310 17.087
604.509 17.123
604.709 17.137
604.909 17.155
605.108 17.215
605.308 17.223
605.507 17.232
605.707 17.243
605.907 17.251
606.106 17.269
606.306 17.253
606.506 17.247
606.705 17.275
606.905 17.286
607.105 17.279
607.304 17.276
607.504 17.315
607.703 17.312
607.903 17.285
608.103 17.279
608.302 17.295
608.502 17.312
608.702 17.273
608.901 17.242
609.101 17.241
609.301 17.196
609.500 17.207
609.700 17.192
609.899 17.187
610.099 17.205
610.299 17.211
610.498 17.254
610.698 17.271
610.898 17.245
611.097 17.236
611.297 17.264
611.496 17.296
611.696 17.306
611.896 17.293
612.095 17.288
612.295 17.306
612.495 17.307
612.694 17.303
612.894 17.324
613.094 17.360
613.293 17.377
613.493 17.387
613.692 17.377
613.892 17.372
614.092 17.393
614.291 17.383
614.491 17.381
614.691 17.392
614.890 17.425
615.090 17.438
615.289 17.454
615.489 17.452
615.689 17.435
615.888 17.400
616.088 17.414
616.288 17.452
616.487 17.466
616.687 17.445
616.887 17.429
617.086 17.398
617.286 17.366
617.485 17.373
617.685 17.364
617.885 17.390
618.084 17.424
618.284 17.410
618.484 17.442
618.683 17.494
618.883 17.511
619.082 17.510
619.282 17.531
619.482 17.538
619.681 17.546
619.881 17.560
620.081 17.564
620.280 17.529
620.480 17.501
620.680 17.507
620.879 17.540
621.079 17.592
621.278 17.639
621.478 17.653
621.678 17.626
621.877 17.637
622.077 17.633
622.277 17.647
622.476 17.673
622.676 17.648
622.876 17.592
623.075 17.566
623.275 17.577
623.474 17.579
623.674 17.576
623.874 17.623
624.073 17.648
624.273 17.696
624.473 17.731
624.672 17.734
624.872 17.742
625.071 17.741
625.271 17.703
625.471 17.698
625.670 17.733
625.870 17.802
626.070 17.812
626.269 17.787
626.469 17.768
626.669 17.739
626.868 17.730
627.068 17.724
627.267 17.717
627.467 17.698
627.667 17.673
627.866 17.655
628.066 17.614
628.266 17.597
628.465 17.600
628.665 17.631
628.865 17.660
629.064 17.673
629.264 17.674
629.463 17.689
629.663 17.688
629.863 17.673
630.062 17.625
630.262 17.591
630.462 17.603
630.661 17.597
630.861 17.811
631.060 18.193
631.260 18.242
631.460 18.282
631.659 18.300
631.859 18.315
632.059 18.348
632.258 18.376
632.458 18.394
632.658 18.380
632.857 18.366
633.057 18.364
633.256 18.350
633.456 18.355
633.656 18.352
633.855 18.343
634.055 18.339
634.255 18.363
634.454 18.406
634.654 18.425
634.853 18.441
635.053 18.262
635.253 17.926
635.452 17.934
635.652 17.922
635.852 17.891
636.051 17.888
636.251 17.897
636.451 17.929
636.650 17.937
636.850 17.972
637.049 17.973
637.249 17.973
637.449 17.973
637.648 17.963
637.848 17.951
638.048 17.961
638.247 17.981
638.447 17.980
638.647 17.999
638.846 18.034
639.046 18.012
639.245 17.998
639.445 18.004
639.645 17.973
639.844 17.948
640.044 17.962
640.244 18.004
640.443 18.040
640.643 18.003
640.842 17.965
641.042 17.943
641.242 17.998
641.441 18.021
641.641 18.040
641.841 18.011
642.040 18.003
642.240 18.014
642.440 18.023
642.639 18.049
642.839 18.055
643.038 18.041
643.238 18.084
643.438 18.125
643.637 18.155
643.837 18.173
644.037 18.211
644.236 18.273
644.436 18.282
644.635 18.237
644.835 18.226
645.035 18.265
645.234 18.260
645.434 18.223
645.634 18.195
645.833 18.203
646.033 18.282
646.233 18.321
646.432 18.350
646.632 18.380
646.831 18.370
647.031 18.370
647.231 18.387
647.430 18.393
647.630 18.387
647.830 18.352
648.029 18.340
648.229 18.291
648.429 18.225
648.628 18.175
648.828 18.191
649.027 18.202
649.227 18.187
649.427 18.204
649.626 18.246
649.826 18.281
650.026 18.255
650.225 18.208
650.425 18.218
650.624 18.232
650.824 18.223
651.024 18.217
651.223 18.211
651.423 18.216
651.623 18.251
651.822 18.281
652.022 18.298
652.222 18.323
652.421 18.360
652.621 18.394
652.820 18.433
653.020 18.445
653.220 18.445
653.419 18.471
653.619 18.462
653.819 18.433
654.018 18.425
654.218 18.452
654.418 18.496
654.617 18.495
654.817 18.468
655.016 18.462
655.216 18.484
655.416 18.507
655.615 18.492
655.815 18.441
656.015 18.429
656.214 18.485
656.414 18.536
656.613 18.542
656.813 18.574
657.013 18.616
657.212 18.599
657.412 18.628
657.612 18.652
657.811 18.680
658.011 18.688
658.211 18.695
658.410 18.712
658.610 18.701
658.809 18.737
659.009 18.741
659.209 18.738
659.408 18.731
659.608 18.736
659.808 18.747
660.007 18.777
660.207 18.804
660.406 18.766
660.606 18.690
660.806 18.702
661.005 18.718
661.205 18.665
661.405 18.672
661.604 18.683
661.804 18.689
662.004 18.688
662.203 18.692
662.403 18.681
662.602 18.692
662.802 18.730
663.002 18.715
663.201 18.736
663.401 18.738
663.601 18.742
663.800 18.726
664.000 18.725
664.199 18.762
664.399 18.762
664.599 18.728
664.798 18.733
664.998 18.769
665.198 18.739
665.397 18.738
665.597 18.764
665.797 18.780
665.996 18.782
666.196 18.753
666.395 18.717
666.595 18.716
666.795 18.714
666.994 18.689
667.194 18.671
667.394 18.649
667.593 18.649
667.793 18.667
667.993 18.705
668.192 18.733
668.392 18.708
668.591 18.670
668.791 18.684
668.991 18.777
669.190 18.755
669.390 18.742
669.590 18.761
669.789 18.745
669.989 18.729
670.188 18.688
670.388 18.699
670.588 18.740
670.787 18.747
670.987 18.739
671.187 18.735
671.386 18.796
671.586 18.838
671.786 18.847
671.985 18.821
672.185 18.773
672.384 18.741
672.584 18.714
672.784 18.715
672.983 18.732
673.183 18.679
673.383 18.672
673.582 18.668
673.782 18.705
673.981 18.724
674.181 18.674
674.381 18.661
674.580 18.667
674.780 18.647
674.980 18.653
675.179 18.665
675.379 18.696
675.579 18.625
675.778 18.578
675.978 18.585
676.177 18.609
676.377 18.616
676.577 18.639
676.776 18.659
676.976 18.644
677.176 18.640
677.375 18.653
677.575 18.672
677.775 18.720
677.974 18.684
678.174 18.679
678.373 18.724
678.573 18.768
678.773 18.779
678.972 18.798
679.172 18.804
679.372 18.814
679.571 18.813
679.771 18.851
679.970 18.871
680.170 18.840
680.370 18.791
680.569 18.790
680.769 18.792
680.969 18.802
681.168 18.863
681.368 18.893
681.568 18.899
681.767 18.886
681.967 18.849
682.166 18.871
682.366 18.876
682.566 18.877
682.765 18.869
682.965 18.863
683.165 18.867
683.364 18.887
683.564 18.883
683.764 18.877
683.963 18.862
684.163 18.842
684.362 18.875
684.562 18.939
684.762 18.969
684.961 18.999
685.161 19.039
685.361 19.008
685.560 18.952
685.760 18.917
685.959 18.905
686.159 18.924
686.359 18.898
686.558 18.870
686.758 18.854
686.958 18.872
687.157 18.904
687.357 18.940
687.557 18.989
687.756 18.994
687.956 18.999
688.155 19.012
688.355 19.061
688.555 19.063
688.754 19.079
688.954 19.137
689.154 19.112
689.353 19.088
689.553 19.123
689.752 19.157
689.952 19.178
690.152 19.174
690.351 19.173
690.551 19.173
690.751 19.165
690.950 19.149
691.150 19.154
691.350 19.165
691.549 19.178
691.749 19.122
691.948 19.128
692.148 19.168
692.348 19.160
692.547 19.130
692.747 19.140
692.947 19.139
693.146 19.118
693.346 19.109
693.546 19.087
693.745 19.069
693.945 19.080
694.144 19.091
694.344 19.127
694.544 19.160
694.743 19.192
694.943 19.217
695.143 19.278
695.342 19.288
695.542 19.269
695.741 19.206
695.941 19.195
696.141 19.225
696.340 19.250
696.540 19.250
696.745 19.280
696.951 19.279
697.156 19.275
697.362 19.233
697.567 19.234
697.772 19.281
697.978 19.268
698.183 19.260
698.389 19.270
698.594 19.277
698.799 19.256
699.005 19.287
699.210 19.315
699.416 19.283
699.621 19.221
699.826 19.195
700.032 19.247
700.237 19.280
700.443 19.207
700.648 19.144
700.853 19.201
701.059 19.279
701.264 19.266
701.470 19.239
701.675 19.293
701.880 19.371
702.086 19.376
702.291 19.351
702.497 19.342
702.702 19.339
702.907 19.343
703.113 19.347
703.318 19.286
703.524 19.243
703.729 19.259
703.934 19.292
704.140 19.296
704.345 19.290
704.551 19.257
704.756 19.271
704.961 19.301
705.167 19.289
705.372 19.201
705.578 19.241
705.783 19.262
705.988 19.237
706.194 19.151
706.399 19.122
706.605 19.167
706.810 19.234
707.015 19.275
707.221 19.234
707.426 19.225
707.632 19.239
707.837 19.254
708.042 19.244
708.248 19.248
708.453 19.281
708.659 19.250
708.864 19.260
709.069 19.292
709.275 19.283
709.480 19.240
709.686 19.218
709.891 19.196
710.096 19.214
710.302 19.199
710.507 19.227
710.713 19.215
710.918 19.189
711.123 19.161
711.329 19.099
711.534 19.145
711.740 19.202
711.945 19.257
712.150 19.288
712.356 19.329
712.561 19.365
712.766 19.375
712.972 19.371
713.177 19.370
713.383 19.355
713.588 19.316
713.793 19.327
713.999 19.340
714.204 19.340
714.410 19.307
714.615 19.326
714.820 19.353
715.026 19.364
715.231 19.406
715.437 19.405
715.642 19.445
715.847 19.490
716.053 19.456
716.258 19.437
716.464 19.442
716.669 19.477
716.874 19.506
717.080 19.574
717.285 19.755
717.491 19.815
717.696 19.839
717.901 19.833
718.107 19.822
718.312 19.841
718.518 19.856
718.723 19.877
718.928 19.930
719.134 19.917
719.339 19.889
719.545 19.855
719.750 19.845
719.955 19.834
720.161 19.775
720.366 19.727
720.572 19.715
720.777 19.722
720.982 19.620
721.188 19.548
721.393 19.463
721.599 19.331
721.804 19.326
722.009 19.335
722.215 19.406
722.420 19.448
722.626 19.490
722.831 19.502
723.036 19.495
723.242 19.469
723.447 19.488
723.653 19.533
723.858 19.550
724.063 19.589
724.269 19.650
724.474 19.691
724.680 19.794
724.885 19.857
725.090 19.808
725.296 19.824
725.501 19.834
725.707 19.853
725.912 19.835
726.117 19.811
726.323 19.835
726.528 19.846
726.734 19.848
726.939 19.848
727.144 19.895
727.350 19.939
727.555 19.924
727.761 19.951
727.966 19.954
728.171 20.005
728.377 20.046
728.582 19.954
728.788 19.884
728.993 19.822
729.198 19.767
729.404 19.811
729.609 19.889
729.815 19.934
730.020 19.909
730.225 19.918
730.431 19.919
730.636 19.883
730.842 19.840
731.047 19.784
731.252 19.715
731.458 19.671
731.663 19.720
731.869 19.737
732.074 19.699
732.279 19.694
732.485 19.682
732.690 19.604
732.896 19.642
733.101 19.719
733.306 19.771
733.512 19.761
733.717 19.754
733.923 19.683
734.128 19.662
734.333 19.693
734.539 19.711
734.744 19.696
734.950 19.675
735.155 19.659
735.360 19.729
735.566 19.795
735.771 19.814
735.977 19.730
736.182 19.729
736.387 19.786
736.593 19.843
736.798 19.896
737.004 19.928
737.209 19.949
737.414 19.925
737.620 19.906
737.825 19.934
738.031 19.975
738.236 20.027
738.441 20.030
738.647 20.035
738.852 20.020
739.058 20.060
739.263 20.127
739.468 20.185
739.674 20.199
739.879 20.204
740.085 20.213
740.290 20.207
740.495 20.173
740.701 20.146
740.906 20.100
741.112 20.070
741.317 20.078
741.522 20.079
741.728 20.080
741.933 20.133
742.139 20.193
742.344 20.217
742.549 20.184
742.755 20.195
742.960 20.198
743.166 20.181
743.371 20.143
743.576 20.139
743.782 20.137
743.987 20.165
744.193 20.173
744.398 20.118
744.603 20.140
744.809 20.174
745.014 20.134
745.220 20.109
745.425 20.012
745.630 19.971
745.836 19.953
746.041 19.943
746.246 19.923
746.452 19.909
746.657 19.875
746.863 19.913
747.068 19.992
747.274 20.065
747.479 20.126
747.684 20.169
747.890 20.171
748.095 20.130
748.300 20.087
748.506 20.084
748.711 20.147
748.917 20.146
749.122 20.116
749.327 20.121
749.533 20.120
749.738 20.148
749.944 20.150
750.149 20.154
750.354 20.173
750.560 20.177
750.765 20.134
750.971 20.133
751.176 20.145
751.381 20.148
751.587 20.085
751.792 20.067
751.998 20.054
752.203 20.026
752.408 20.059
752.614 20.064
752.819 20.098
753.025 20.118
753.230 20.141
753.435 20.196
753.641 20.253
753.846 20.362
754.052 20.452
754.257 20.454
754.462 20.457
754.668 20.466
754.873 20.435
755.079 20.428
755.284 20.456
755.489 20.496
755.695 20.421
755.900 20.461
756.106 20.508
756.311 20.539
756.516 20.496
756.722 20.486
756.927 20.498
757.133 20.483
757.338 20.453
757.543 20.467
757.749 20.451
757.954 20.411
758.160 20.318
758.365 20.273
758.570 20.338
758.776 20.369
758.981 20.372
759.187 20.411
759.392 20.496
759.597 20.481
759.803 20.383
760.008 20.392
760.214 20.360
760.419 20.285
760.624 20.247
760.830 20.378
761.035 20.412
761.241 20.345
761.446 20.280
761.651 20.272
761.857 20.313
762.062 20.325
762.268 20.293
762.473 20.288
762.678 20.316
762.884 20.339
763.089 20.327
763.295 20.373
763.500 20.485
763.709 20.473
763.918 20.456
764.126 20.493
764.335 20.531
764.544 20.590
764.753 20.617
764.962 20.694
765.171 20.714
765.379 20.673
765.588 20.748
765.797 20.824
766.006 20.881
766.215 20.884
766.424 20.886
766.632 20.927
766.841 20.990
767.050 20.991
767.259 20.948
767.468 21.017
767.677 21.023
767.885 20.884
768.094 20.852
768.303 20.893
768.512 20.941
768.721 20.980
768.929 20.930
769.138 21.008
769.347 21.045
769.556 21.006
769.765 21.045
769.974 21.058
770.182 21.022
770.391 21.015
770.600 21.052
770.809 21.080
771.018 21.135
771.227 21.103
771.435 21.072
771.644 21.095
771.853 21.139
772.062 21.146
772.271 21.183
772.480 21.181
772.688 21.172
772.897 21.164
773.106 21.101
773.315 21.149
773.524 21.163
773.732 21.173
773.941 21.161
774.150 21.147
774.359 21.125
774.568 21.143
774.777 21.077
774.985 20.972
775.194 20.962
775.403 20.963
775.612 20.977
775.821 21.066
776.030 21.175
776.238 21.123
776.447 21.105
776.656 21.182
776.865 21.279
777.074 21.312
777.283 21.350
777.491 21.405
777.700 21.330
777.909 21.232
778.118 21.090
778.327 21.069
778.535 21.153
778.744 21.225
778.953 21.225
779.162 21.251
779.371 21.289
779.580 21.337
779.788 21.394
779.997 21.426
780.206 21.338
780.415 21.233
780.624 21.196
780.833 21.206
781.041 21.133
781.250 21.045
781.459 21.034
781.668 21.062
781.877 21.078
782.086 21.186
782.294 21.213
782.503 21.318
782.712 21.404
782.921 21.425
783.130 21.366
783.338 21.408
783.547 21.453
783.756 21.431
783.965 21.416
784.174 21.441
784.383 21.579
784.591 21.657
784.800 21.702
785.009 21.726
785.218 21.748
785.427 21.842
785.636 21.865
785.844 21.843
786.053 21.834
786.262 21.835
786.471 21.779
786.680 21.835
786.889 21.851
787.097 21.795
787.306 21.761
787.515 21.750
787.724 21.710
787.933 21.708
788.141 21.762
788.350 21.729
788.559 21.654
788.768 21.588
788.977 21.567
789.186 21.550
789.394 21.616
789.603 21.592
789.812 21.478
790.021 21.499
790.230 21.597
790.439 21.717
790.647 21.676
790.856 21.697
791.065 21.718
791.274 21.740
791.483 21.762
791.692 21.785
791.900 21.859
792.109 21.866
792.318 21.885
792.527 21.923
792.736 22.043
792.944 22.077
793.153 22.062
793.362 22.086
793.571 22.054
793.780 22.059
793.989 22.118
794.197 22.200
794.406 22.249
794.615 22.203
794.824 22.023
795.033 22.016
795.242 22.084
795.450 22.067
795.659 22.036
795.868 22.030
796.077 22.051
796.286 22.138
796.495 22.193
796.703 22.224
796.912 22.257
797.121 22.271
797.330 22.254
797.539 22.251
797.747 22.396
797.956 22.497
798.165 22.450
798.374 22.473
798.583 22.536
798.792 22.482
799.000 22.499
799.209 22.612
799.418 22.779
799.627 22.856
799.836 22.889
800.045 22.991
800.253 23.119
800.462 23.162
800.671 23.031
800.880 23.047
801.089 23.075
801.298 23.022
801.506 22.908
801.715 23.015
801.924 23.161
802.133 23.074
802.342 23.022
802.550 23.037
802.759 23.109
802.968 23.142
803.177 23.171
803.386 23.149
803.595 23.146
803.803 23.079
804.012 22.976
804.221 23.019
804.430 23.069
804.639 23.144
804.848 23.094
805.056 23.158
805.265 23.211
805.474 23.288
805.683 23.298
805.892 23.358
806.101 23.422
806.309 23.348
806.518 23.262
806.727 23.286
806.936 23.382
807.145 23.308
807.353 23.203
807.562 23.178
807.771 23.240
807.980 23.221
808.189 23.154
808.398 23.169
808.606 23.285
808.815 23.356
809.024 23.228
809.233 23.268
809.442 23.324
809.651 23.239
809.859 23.135
810.068 23.206
810.277 23.328
810.486 23.215
810.695 23.162
810.904 23.294
811.112 23.367
811.321 23.406
811.530 23.442
811.741 23.555
811.953 23.713
812.164 23.742
812.375 23.698
812.586 23.738
812.798 23.776
813.009 23.706
813.220 23.640
813.431 23.668
813.643 23.744
813.854 23.816
814.065 23.881
814.276 23.953
814.488 24.023
814.699 23.953
814.910 24.022
815.121 24.007
815.333 23.916
815.544 23.901
815.755 23.771
815.966 23.756
816.178 23.803
816.389 23.743
816.600 23.708
816.811 23.836
817.023 23.949
817.234 24.016
817.445 23.988
817.656 24.011
817.868 24.221
818.079 24.281
818.290 24.262
818.502 24.278
818.713 24.311
818.924 24.248
819.135 24.248
819.347 24.247
819.558 24.335
819.769 24.575
819.980 24.618
820.192 24.741
820.403 24.815
820.614 24.811
820.825 24.877
821.037 24.955
821.248 25.117
821.459 25.125
821.670 25.073
821.882 25.018
822.093 24.963
822.304 24.861
822.515 24.795
822.727 24.815
822.938 24.910
823.149 24.916
823.360 24.914
823.572 25.067
823.783 25.187
823.994 25.228
824.205 25.003
824.417 24.976
824.628 25.014
824.839 24.959
825.051 24.910
825.262 24.886
825.473 24.943
825.684 24.881
825.896 24.815
826.107 24.784
826.318 24.899
826.529 25.002
826.741 24.929
826.952 24.906
827.163 24.981
827.374 24.999
827.586 25.000
827.797 25.126
828.008 25.170
828.219 25.154
828.431 25.206
828.642 25.467
828.853 25.680
829.064 25.703
829.276 25.774
829.487 25.743
829.698 25.713
829.909 25.716
830.121 25.682
830.332 25.741
830.543 25.805
830.754 25.860
830.966 25.807
831.177 25.819
831.388 25.877
831.600 25.771
831.811 25.790
832.022 26.041
832.233 26.208
832.445 26.014
832.656 25.920
832.867 25.914
833.078 25.858
833.290 25.695
833.501 25.811
833.712 25.940
833.923 26.034
834.135 26.049
834.346 25.993
834.557 25.957
834.768 26.103
834.980 26.340
835.191 26.339
835.402 26.434
835.613 26.609
835.825 26.790
836.036 26.824
836.247 26.928
836.458 27.057
836.670 26.963
836.881 27.086
837.092 27.144
837.303 27.193
837.515 27.268
837.726 27.247
837.937 27.131
838.148 27.150
838.360 27.207
838.571 27.269
838.782 27.293
838.994 27.371
839.205 27.262
839.416 27.034
839.627 27.059
839.839 27.105
840.050 27.040
840.261 26.895
840.472 27.008
840.684 26.962
840.895 26.721
841.106 26.567
841.317 26.573
841.529 26.704
841.740 26.660
841.951 26.484
842.162 26.674
842.374 26.906
842.585 26.905
842.796 26.846
843.007 26.948
843.219 27.187
843.430 27.249
843.641 27.198
843.852 27.202
844.064 27.239
844.275 27.217
844.486 27.268
844.697 27.346
844.909 27.343
845.120 27.400
845.331 27.333
845.543 27.474
845.754 27.555
845.965 27.490
846.176 27.497
846.388 27.625
846.599 27.644
846.810 27.628
847.021 27.569
847.233 27.769
847.444 27.955
847.655 28.065
847.866 27.988
848.078 28.165
848.289 28.448
848.500 28.460
848.711 28.518
848.923 28.682
849.134 28.703
849.345 28.637
849.556 28.512
849.768 28.589
849.979 28.658
850.190 28.709
850.401 28.785
850.613 29.037
850.824 29.206
851.035 29.211
851.246 29.084
851.458 29.275
851.669 29.280
851.880 28.923
852.092 28.698
852.303 28.920
852.514 29.235
852.725 29.413
852.937 29.434
853.148 29.411
853.359 29.283
853.570 29.313
853.782 29.473
853.993 29.604
854.204 29.661
854.415 29.588
854.627 29.572
854.838 29.658
855.049 29.812
855.260 29.880
855.472 29.737
855.683 29.824
855.894 29.980
856.105 30.066
856.317 30.162
856.528 30.147
856.739 29.973
856.950 29.737
857.162 29.427
857.373 29.428
857.584 29.433
857.795 29.455
858.007 29.468
858.218 29.357
858.429 29.760
858.640 30.404
858.852 30.204
859.063 30.134
859.274 30.232
859.486 29.881
859.697 29.532
859.908 29.874
860.119 30.128
860.331 29.948
860.542 29.950
860.753 30.324
860.964 30.662
861.176 30.850
861.387 30.841
861.598 31.017
861.809 31.183
862.021 31.101
862.232 31.019
862.443 31.054
862.654 31.263
862.866 30.955
863.077 30.428
863.288 30.932
863.499 31.428
863.711 31.572
863.922 31.729
864.133 32.093
864.344 31.881
864.556 31.455
864.767 31.245
864.978 31.014
865.189 30.975
865.401 30.912
865.612 30.815
865.823 30.764
866.035 30.654
866.246 30.555
866.457 30.797
866.668 31.047
866.880 31.231
867.091 31.282
867.302 31.190
867.513 31.187
867.725 31.290
867.936 31.336
868.147 31.164
868.358 31.275
868.570 31.215
868.781 31.393
868.992 31.731
869.203 32.061
869.415 32.391
869.626 32.608
869.837 32.524
870.048 32.660
870.260 32.843
870.471 33.011
870.682 32.917
870.893 32.828
871.105 33.024
871.316 33.080
871.527 32.930
871.738 33.270
871.950 33.652
872.161 33.465
872.372 33.015
872.584 32.829
872.795 32.748
873.006 32.622
873.217 32.577
873.429 32.631
873.640 32.658
873.851 32.506
874.062 32.182
874.274 32.069
874.485 32.133
874.696 32.260
874.907 32.185
875.119 32.354
875.330 32.310
875.541 31.999
875.752 31.690
875.964 31.795
876.175 31.723
876.386 31.429
876.597 31.493
876.809 31.754
877.020 32.135
877.231 32.276
877.442 32.423
877.654 32.504
877.865 32.543
878.076 32.504
878.287 32.356
878.499 32.242
878.710 32.476
878.921 32.472
879.133 32.301
879.344 32.540
879.555 32.930
879.766 33.300
879.978 33.357
880.189 33.600
880.400 33.887
880.611 33.891
880.823 34.000
881.034 34.142
881.245 34.251
881.456 34.070
881.668 33.802
881.879 33.892
882.090 34.227
882.301 34.198
882.513 33.918
882.724 34.120
882.935 34.249
883.146 34.056
883.358 34.195
883.569 34.212
883.780 34.091
883.991 33.946
884.203 33.672
884.414 33.728
884.625 33.755
884.836 33.377
885.048 33.300
885.259 33.415
885.470 33.454
885.682 33.402
885.893 33.390
886.104 33.700
886.315 33.756
886.527 33.437
886.738 33.375
886.949 33.683
887.160 33.822
887.372 33.797
887.583 33.983
887.794 33.874
888.005 34.069
888.217 33.988
888.428 33.800
888.639 33.968
888.850 34.112
889.062 34.027
889.273 34.071
889.484 34.008
889.695 33.797
889.907 33.816
890.118 33.695
890.329 33.832
890.540 33.935
890.752 33.961
890.963 33.958
891.174 34.134
891.385 34.561
891.597 34.600
891.808 34.763
892.019 34.834
892.231 34.979
892.442 34.991
892.653 35.130
892.864 35.108
893.076 35.711
893.287 36.674
893.498 36.692
893.709 36.919
893.921 37.009
894.132 37.124
894.343 36.959
894.554 37.024
894.766 37.360
894.977 37.486
895.188 37.386
895.399 37.337
895.611 37.110
895.822 36.753
896.033 36.694
896.244 36.651
896.456 36.854
896.667 36.955
896.878 37.004
897.089 37.137
897.301 37.190
897.512 36.589
897.723 35.717
897.934 35.940
898.146 36.237
898.357 36.336
898.568 36.248
898.779 36.324
898.991 36.586
899.202 36.439
899.413 36.185
899.625 36.289
899.836 36.824
900.047 37.472
900.258 37.364
900.470 37.386
900.681 37.600
900.892 37.589
901.103 37.403
901.315 37.334
901.526 37.425
901.737 37.630
901.948 37.640
902.160 37.407
902.371 37.270
902.582 36.818
902.793 36.687
903.005 36.814
903.216 37.117
903.427 37.204
903.638 37.010
903.850 37.229
904.061 37.605
904.272 37.543
904.483 36.880
904.695 36.979
904.906 37.210
905.117 37.090
905.328 36.629
905.540 36.559
905.751 36.299
905.962 36.180
906.174 36.291
906.385 36.093
906.596 36.226
906.807 36.537
907.019 36.914
907.230 37.197
907.441 37.460
907.652 37.500
907.864 37.421
908.075 37.371
908.286 36.852
908.497 36.422
908.709 36.055
908.920 36.470
909.131 36.766
909.342 36.808
909.554 37.050
909.765 37.749
909.976 38.048
910.187 38.378
910.399 38.372
910.610 38.420
910.821 38.882
911.032 39.038
911.244 38.650
911.455 38.337
911.666 38.525
911.877 38.827
912.089 38.747
912.300 38.768
912.515 39.081
912.730 39.685
912.944 39.851
913.159 40.435
913.374 40.916
913.589 40.917
913.803 40.960
914.018 40.912
914.233 40.355
914.448 40.433
914.663 40.520
914.877 40.939
915.092 41.089
915.307 40.997
915.522 41.019
915.736 41.611
915.951 41.990
916.166 41.952
916.381 41.458
916.596 41.604
916.810 42.377
917.025 42.655
917.240 42.515
917.455 42.523
917.669 41.829
917.884 40.778
918.099 40.524
918.314 40.709
918.529 41.401
918.743 42.418
918.958 42.704
919.173 42.785
919.388 42.568
919.602 42.480
919.817 42.746
920.032 43.165
920.247 43.640
920.462 44.410
920.676 44.903
920.891 45.073
921.106 44.874
921.321 44.159
921.535 43.936
921.750 44.346
921.965 44.970
922.180 45.598
922.395 46.113
922.609 46.648
922.824 46.809
923.039 46.527
923.254 45.658
923.469 45.461
923.683 45.538
923.898 45.071
924.113 44.772
924.328 45.069
924.542 45.366
924.757 44.529
924.972 43.761
925.187 43.213
925.402 43.356
925.616 43.579
925.831 43.886
926.046 43.931
926.261 44.256
926.475 44.211
926.690 44.452
926.905 45.368
927.120 45.789
927.335 45.610
927.549 45.734
927.764 46.381
927.979 46.419
928.194 46.584
928.408 47.215
928.623 47.662
928.838 48.047
929.053 48.539
929.268 48.751
929.482 48.235
929.697 48.258
929.912 48.687
930.127 48.635
930.341 49.232
930.556 50.265
930.771 50.205
930.986 50.259
931.201 49.925
931.415 49.323
931.630 49.296
931.845 49.812
932.060 50.005
932.274 50.745
932.489 51.093
932.704 51.431
932.919 51.839
933.134 51.858
933.348 51.669
933.563 50.659
933.778 50.950
933.993 52.653
934.207 53.220
934.422 52.882
934.637 53.305
934.852 52.810
935.067 52.205
935.281 52.064
935.496 52.569
935.711 53.776
935.926 54.161
936.140 54.363
936.355 54.887
936.570 55.164
936.785 54.562
937.000 54.094
937.214 54.392
937.429 55.270
937.644 56.078
937.859 56.211
938.073 56.644
938.288 56.924
938.503 56.810
938.718 57.103
938.933 58.783
939.147 60.736
939.362 61.699
939.577 62.031
939.792 62.198
940.007 61.980
940.221 61.355
940.436 61.360
940.651 61.568
940.866 62.006
941.080 62.245
941.295 62.876
941.510 63.453
941.725 63.288
941.940 63.075
942.154 62.687
942.369 62.936
942.584 63.807
942.799 64.744
943.013 64.995
943.228 65.336
943.443 64.884
943.658 62.955
943.873 62.390
944.087 63.079
944.302 63.736
944.517 63.633
944.732 63.485
944.946 62.920
945.161 63.368
945.376 62.727
945.591 62.723
945.806 62.847
946.020 64.226
946.235 66.017
946.450 65.911
946.665 65.897
946.879 66.061
947.094 66.112
947.309 65.196
947.524 65.303
947.739 65.236
947.953 64.255
948.168 64.591
948.383 64.758
948.598 64.301
948.812 65.053
949.027 64.247
949.242 63.578
949.457 65.300
949.672 65.750
949.886 65.221
950.101 65.023
950.316 65.801
950.531 65.561
950.745 64.351
950.960 65.343
951.175 66.876
951.390 67.697
951.605 67.580
951.819 69.170
952.034 71.011
952.249 72.201
952.464 72.169
952.678 72.664
952.893 72.952
953.108 71.896
953.323 70.302
953.538 71.316
953.752 71.882
953.967 70.478
954.182 69.073
954.397 70.223
954.611 70.954
954.826 69.627
955.041 69.333
955.256 69.554
955.471 68.333
955.685 67.086
955.900 65.910
956.115 70.377
956.330 77.797
956.544 75.698
956.759 73.777
956.974 74.465
957.189 74.780
957.404 74.507
957.618 75.331
957.833 75.823
958.048 75.917
958.263 76.517
958.478 77.323
958.692 78.061
958.907 78.077
959.122 77.319
959.337 77.004
959.551 76.355
959.766 75.598
959.981 76.215
960.196 76.312
960.411 76.255
960.625 71.161
960.840 62.018
961.055 60.872
961.270 61.220
961.484 61.011
961.699 60.821
961.914 60.984
962.129 61.938
962.344 64.179
962.558 65.595
962.773 65.790
962.988 67.123
963.203 69.012
963.417 69.322
963.632 70.048
963.847 71.093
964.062 72.047
964.277 72.686
964.491 71.659
964.706 72.083
964.921 72.978
965.136 73.470
965.350 74.188
965.565 75.154
965.780 75.588
965.987 75.829
966.194 76.563
966.402 76.834
966.609 76.014
966.816 74.380
967.023 72.384
967.231 72.373
967.438 71.698
967.645 69.851
967.852 68.775
968.059 68.353
968.267 68.877
968.474 70.046
968.681 69.831
968.888 71.057
969.096 70.904
969.303 70.261
969.510 70.946
969.717 71.642
969.925 73.113
970.132 72.537
970.339 71.350
970.546 69.614
970.753 69.309
970.961 70.145
971.168 69.917
971.375 70.765
971.582 69.986
971.790 68.600
971.997 68.690
972.204 68.796
972.411 69.241
972.618 70.628
972.826 69.411
973.033 69.004
973.240 68.587
973.447 68.575
973.655 69.021
973.862 68.322
974.069 68.207
974.276 69.060
974.483 69.830
974.691 71.500
974.898 73.146
975.105 73.677
975.312 73.199
975.520 73.586
975.727 73.879
975.934 74.515
976.141 75.144
976.349 74.598
976.556 76.019
976.763 75.355
976.970 72.911
977.177 71.524
977.385 72.099
977.592 72.389
977.799 72.158
978.006 73.353
978.214 75.918
978.421 77.218
978.628 75.064
978.835 74.365
979.042 72.501
979.250 71.298
979.457 71.507
979.664 71.574
979.871 71.793
980.079 73.279
980.286 71.894
980.493 71.519
980.700 73.638
980.907 75.404
981.115 75.086
981.322 75.097
981.529 77.285
981.736 76.792
981.944 76.416
982.151 78.052
982.358 77.754
982.565 75.735
982.773 73.588
982.980 74.739
983.187 77.731
983.394 81.293
983.601 80.758
983.809 79.372
984.016 78.125
984.223 76.671
984.430 74.110
984.638 74.689
984.845 76.797
985.052 78.264
985.259 75.640
985.466 76.159
985.674 76.718
985.881 77.166
986.088 78.947
986.295 81.194
986.503 81.850
986.710 82.110
986.917 81.790
987.124 82.111
987.331 81.946
987.539 81.472
987.746 80.400
987.953 81.470
988.160 84.558
988.368 87.760
988.575 89.943
988.782 91.688
988.989 92.221
989.197 91.337
989.404 89.216
989.611 89.158
989.818 86.956
990.025 86.121
990.233 84.888
990.440 83.596
990.647 80.209
990.854 78.231
991.062 77.996
991.269 77.864
991.476 77.817
991.683 78.142
991.890 77.231
992.098 77.266
992.305 79.455
992.512 77.448
992.719 75.666
992.927 76.153
993.134 76.478
993.341 77.478
993.548 76.512
993.755 75.409
993.963 75.543
994.170 76.521
994.377 75.856
994.584 75.771
994.792 80.487
994.999 85.533
995.206 85.689
995.413 85.159
995.621 87.740
995.828 88.764
996.035 87.286
996.242 86.740
996.449 87.728
996.657 87.703
996.864 86.589
997.071 85.831
997.278 84.466
997.486 86.138
997.693 85.083
997.900 85.844
998.107 86.887
998.314 85.844
998.522 87.333
998.729 89.497
998.936 90.129
999.143 87.904
999.351 86.658
999.558 86.952
999.765 88.784
999.972 87.613
1000.179 86.456
1000.387 87.942
1000.594 89.023
1000.801 87.617
1001.008 85.526
1001.216 86.161
1001.423 89.193
1001.630 90.255
1001.837 85.943
1002.045 87.059
1002.252 89.988
1002.459 91.054
1002.666 93.168
1002.873 95.101
1003.081 95.570
1003.288 93.902
1003.495 91.217
1003.702 89.998
1003.910 93.062
1004.117 94.590
1004.324 93.129
1004.531 94.302
1004.738 95.750
1004.946 95.404
1005.153 94.482
1005.360 96.116
1005.567 102.553
1005.775 102.130
1005.982 99.578
1006.189 100.596
1006.396 99.792
1006.603 95.881
1006.811 93.352
1007.018 90.848
1007.225 90.421
1007.432 91.521
1007.640 96.457
1007.847 97.892
1008.054 99.009
1008.261 94.643
1008.469 90.112
1008.676 93.268
1008.883 98.045
1009.090 100.119
1009.297 97.724
1009.505 99.349
1009.712 100.411
1009.919 94.335
1010.126 91.640
1010.334 94.191
1010.541 94.282
1010.748 94.751
1010.955 95.967
1011.162 97.549
1011.370 104.123
1011.577 104.955
1011.784 104.017
1011.991 101.693
1012.199 98.270
1012.406 95.734
1012.613 99.656
1012.820 99.299
1013.027 93.155
1013.235 87.824
1013.442 83.056
1013.649 86.384
1013.856 91.377
1014.064 93.702
1014.271 92.426
1014.478 91.274
1014.685 90.878
1014.893 92.395
1015.100 93.437
1015.307 94.090
1015.514 94.221
1015.721 88.262
1015.929 85.902
1016.136 84.817
1016.343 82.832
1016.550 88.234
